Сортировка №1: BubbleSort

Sort массивы

Время для массивов в mc: 
0
1
0
1
1
1
2
2
2
3
3
3
3
4
7
5
5
5
5
10

HalfSort массивы

Время для массивов в mc: 
5
47
113
207
323
626
657
1147
1088
1347
1680
1994
2423
2781
3227
3671
4265
4716
5399
5919

RevSort массивы

Время для массивов в mc: 
34
135
312
544
1061
1219
1800
2745
3013
3511
4105
4867
5799
6644
7658
8878
10030
11239
12234
13728

RandSort массивы

Время для массивов в mc: 
27
143
226
401
605
884
1423
1624
2281
2438
3023
3586
4085
4751
5698
6362
7058
7969
8871
9994



------------------------------------------------------------------------------------------------------------Сортировка №2: SelectionSort

Sort массивы

Время для массивов в mc: 
24
93
207
364
659
695
921
1204
1525
1898
2275
2929
3168
3680
4212
5255
5898
6078
7014
7816

HalfSort массивы

Время для массивов в mc: 
42
150
178
371
493
736
954
1234
1566
2059
2309
2746
3213
3914
4272
4865
5479
6279
6929
7692

RevSort массивы

Время для массивов в mc: 
21
168
248
332
710
705
958
1253
1589
2007
2454
2836
3492
3811
4364
4956
5596
6314
7091
7738

RandSort массивы

Время для массивов в mc: 
47
85
186
322
499
759
960
1260
1568
1937
2657
2772
3246
3752
4386
5059
5508
6168
6868
7605



------------------------------------------------------------------------------------------------------------Сортировка №3: InsertionSort

Sort массивы

Время для массивов в mc: 
0
0
1
9
2
2
2
2
2
3
3
6
4
4
4
5
5
5
8
10

HalfSort массивы

Время для массивов в mc: 
1
5
12
28
43
66
95
218
187
228
317
400
518
610
730
1007
1028
1200
1411
1522

RevSort массивы

Время для массивов в mc: 
33
137
299
533
833
1231
1666
2153
2751
3456
4026
5061
5869
6870
7767
8513
9747
10969
11998
13414

RandSort массивы

Время для массивов в mc: 
17
69
156
271
429
607
996
1183
1339
1679
2049
2399
2894
3397
3784
4352
4858
5481
6034
6644



